index,-1,11,25,50,14,15
-1,1.0,0.4862,0.5776,0.5241,0.4074,0.5797
11,0.4862,1.0,0.5073,0.5989,0.5189,0.4871
25,0.5776,0.5073,1.0,0.6077,0.4476,0.7236
50,0.5241,0.5989,0.6077,1.0,0.5832,0.638
14,0.4074,0.5189,0.4476,0.5832,1.0,0.4127
15,0.5797,0.4871,0.7236,0.638,0.4127,1.0
