index,-1,309,310,282,294,360
-1,1.0,0.5501,0.5501,0.4923,0.466,0.5406
309,0.5501,1.0,1.0,0.4546,0.61,0.6117
310,0.5501,1.0,1.0,0.4546,0.61,0.6117
282,0.4923,0.4546,0.4546,1.0,0.5375,0.5411
294,0.466,0.61,0.61,0.5375,1.0,0.6177
360,0.5406,0.6117,0.6117,0.5411,0.6177,1.0
